url_path,views_total,views_unique
/nutui-uniapp/nutui-uniapp,272,175
/nutui-uniapp/nutui-uniapp/issues,177,48
/nutui-uniapp/nutui-uniapp/releases,92,64
/nutui-uniapp/nutui-uniapp/tree/main/packages/nutui,21,17
/nutui-uniapp/nutui-uniapp/tree/main/example,21,11
/nutui-uniapp/nutui-uniapp/tree/main/example/src,18,10
/nutui-uniapp/nutui-uniapp/pulls,14,7
/nutui-uniapp/nutui-uniapp/issues/251,12,11
/nutui-uniapp/nutui-uniapp/pull/174/commits,10,10
/nutui-uniapp/nutui-uniapp/issues/440,9,7
